DIM = 1 2 4
BAND = 0 0 0 -0.50238636  0.83653954  0.66992366
BAND_POINTS = 101
EIGENVECTORS = .TRUE.